0 0.491039 0.511000 0.564376 0.545593 0.422363 0.639334 0.349026 0.604741
2 0.449490 0.655147 0.542407 0.649544 0.559856 0.739645 0.466939 0.745248
2 0.648278 0.585920 0.781696 0.643095 0.682564 0.715122 0.549146 0.657947
2 0.647428 0.506995 0.788929 0.584381 0.724381 0.621131 0.582880 0.543745
1 0.716752 0.424569 0.778994 0.450083 0.701630 0.508847 0.639388 0.483333
0 0.497847 0.361545 0.564470 0.356269 0.593587 0.470747 0.526964 0.476023
3 0.394084 0.402084 0.476327 0.402084 0.476327 0.457292 0.394084 0.457292
3 0.352962 0.465625 0.423990 0.465625 0.423990 0.509375 0.352962 0.509375
3 0.395877 0.288501 0.508027 0.288501 0.508027 0.359334 0.395877 0.359334
3 0.655258 0.285490 0.761649 0.307000 0.714836 0.379094 0.608445 0.357584
3 0.229699 0.896924 0.333364 0.901156 0.329441 0.931076 0.225776 0.926844
