1 0.648468 0.545894 0.719197 0.585934 0.683318 0.789488 0.612589 0.749448
1 0.485104 0.263969 0.563861 0.245689 0.580683 0.478458 0.501926 0.496738
2 0.843505 0.601810 0.810079 0.458695 0.959367 0.346711 0.992793 0.489826
2 0.340626 0.767674 0.392753 0.679204 0.454917 0.796838 0.402790 0.885308
2 0.380972 0.280214 0.407452 0.169126 0.500061 0.240024 0.473581 0.351112
2 0.684742 0.457581 0.650506 0.299083 0.783512 0.206812 0.817748 0.365310
2 0.467854 0.213889 0.430695 0.080880 0.532818 0.000000 0.569977 0.122259
1 0.586767 0.200239 0.660734 0.201689 0.659167 0.458476 0.585200 0.457026
2 0.316904 0.107422 0.375886 0.024549 0.441156 0.173743 0.382174 0.256616
2 0.346905 0.169792 0.408123 0.237181 0.353328 0.397050 0.292110 0.329661
3 0.367331 0.429521 0.360337 0.346197 0.415013 0.331458 0.422007 0.414782
0 0.351698 0.616758 0.352028 0.494961 0.596691 0.497090 0.596361 0.618887
2 0.425146 0.812104 0.413486 0.651847 0.575601 0.613964 0.587261 0.774221
2 0.820759 0.099077 0.860588 0.000000 0.923016 0.075937 0.883187 0.177616
3 0.215041 0.269191 0.245108 0.141701 0.330555 0.206421 0.300488 0.333911
