0 0.453405 0.227000 0.522167 0.258777 0.375577 0.357542 0.306815 0.325765
1 0.480143 0.341667 0.553040 0.341667 0.553040 0.396875 0.480143 0.396875
3 0.578719 0.382481 0.634680 0.394265 0.617543 0.419603 0.561582 0.407819
3 0.641122 0.407251 0.732711 0.407251 0.732711 0.447876 0.641122 0.447876
3 0.697196 0.365626 0.788786 0.365626 0.788786 0.398958 0.697196 0.398958
3 0.581014 0.287279 0.731818 0.347119 0.669454 0.396055 0.518650 0.336215
3 0.523365 0.250001 0.596261 0.250001 0.596261 0.295834 0.523365 0.295834
0 0.490884 0.263939 0.557348 0.287000 0.431864 0.399603 0.365401 0.376542
2 0.668459 0.211000 0.849072 0.287197 0.757709 0.354626 0.577096 0.278429
1 0.342294 0.812000 0.403226 0.812000 0.403226 0.854000 0.342294 0.854000
1 0.209677 0.801000 0.259857 0.801000 0.259857 0.828000 0.209677 0.828000
3 0.330107 0.870975 0.383740 0.852827 0.410037 0.877025 0.356404 0.895173
3 0.282653 0.831588 0.324635 0.850329 0.294408 0.871412 0.252426 0.852671
