0 0.339699 0.281171 0.424743 0.255409 0.561618 0.396097 0.476574 0.421859
1 0.687351 0.309007 0.781524 0.334471 0.703886 0.423872 0.609713 0.398408
1 0.450204 0.608465 0.535659 0.607114 0.538207 0.657297 0.452752 0.658648
1 0.459114 0.501025 0.594754 0.462835 0.646982 0.520592 0.511342 0.558782
2 0.345473 0.652444 0.437024 0.626834 0.520937 0.720236 0.429386 0.745846
3 0.149821 0.750607 0.267804 0.783960 0.192272 0.867154 0.074289 0.833801
2 0.692161 0.631781 0.800193 0.673267 0.687786 0.764408 0.579754 0.722922
3 0.424041 0.078662 0.399582 0.039397 0.511989 0.017596 0.536448 0.056861
3 0.772509 0.784451 0.816299 0.771124 0.845997 0.801507 0.802207 0.814834
1 0.612965 0.578819 0.610458 0.561909 0.666136 0.559338 0.668643 0.576248
