1 0.739176 0.528338 0.829978 0.476993 0.871152 0.710852 0.780350 0.762197
2 0.792560 0.411324 0.842141 0.288981 0.942225 0.419248 0.892644 0.541591
2 0.620141 0.796175 0.606253 0.679219 0.733108 0.630840 0.746996 0.747796
2 0.611699 0.289002 0.687871 0.222634 0.738669 0.409881 0.662497 0.476249
1 0.693485 0.224427 0.728000 0.087814 0.849529 0.186425 0.815014 0.323038
0 0.408799 0.379891 0.502695 0.328977 0.570743 0.732030 0.476847 0.782944
3 0.321894 0.783140 0.356336 0.684644 0.432679 0.770381 0.398237 0.868877
1 0.294007 0.937232 0.306464 0.798308 0.429869 0.833846 0.417412 0.972770
2 0.535179 0.319257 0.603156 0.322421 0.598821 0.621603 0.530844 0.618439
1 0.597796 0.431933 0.710883 0.379577 0.727204 0.492798 0.614117 0.545154
2 0.450516 0.691428 0.588731 0.641454 0.600484 0.745848 0.462269 0.795822
