3 0.511872 0.301563 0.129888 0.080208
1 0.639665 0.322917 0.086592 0.079167
3 0.479749 0.388542 0.065642 0.089583
2 0.410615 0.501042 0.083799 0.093750
2 0.675978 0.488021 0.159218 0.117708
3 0.687151 0.388542 0.114525 0.056250
2 0.648045 0.591667 0.131285 0.085417
1 0.527235 0.581771 0.071229 0.071875
2 0.469274 0.680208 0.245810 0.170833
3 0.678073 0.678125 0.085196 0.075000
3 0.628492 0.738542 0.097765 0.068750
0 0.531425 0.475521 0.087989 0.113542
0 0.583101 0.393229 0.104749 0.098958
0 0.406425 0.372396 0.100559 0.076042
