1 0.632436 0.304742 0.716033 0.312769 0.694822 0.381550 0.611225 0.373523
0 0.433889 0.341086 0.515930 0.337870 0.526396 0.420998 0.444355 0.424214
2 0.573781 0.468789 0.668459 0.398000 0.783229 0.445795 0.688551 0.516584
2 0.607980 0.562421 0.682545 0.533990 0.758376 0.595913 0.683811 0.624344
2 0.355297 0.549207 0.433692 0.511000 0.528198 0.571377 0.449803 0.609584
3 0.523365 0.673958 0.642991 0.673958 0.642991 0.746875 0.523365 0.746875
2 0.128973 0.702084 0.188785 0.702084 0.188785 0.737501 0.128973 0.737501
2 0.023463 0.729451 0.139785 0.706000 0.176076 0.762049 0.059754 0.785500
2 0.149533 0.747917 0.211215 0.747917 0.211215 0.786459 0.149533 0.786459
0 0.166355 0.783334 0.200000 0.783334 0.200000 0.798959 0.166355 0.798959
