3 0.514665 0.745313 0.163408 0.109375
3 0.439246 0.667188 0.071229 0.053125
2 0.486732 0.609896 0.163408 0.126042
1 0.475559 0.503646 0.093575 0.053125
3 0.486732 0.431250 0.163408 0.087500
0 0.478352 0.329167 0.127095 0.108333
0 0.568436 0.341667 0.081006 0.100000
0 0.680168 0.332292 0.170391 0.120833
3 0.682263 0.441667 0.157821 0.104167
1 0.572626 0.466146 0.078212 0.061458
1 0.708101 0.538542 0.120112 0.087500
2 0.712989 0.629167 0.096369 0.081250
2 0.624302 0.622917 0.081006 0.083333
2 0.652235 0.728646 0.175978 0.119792
3 0.719274 0.693229 0.061453 0.038542
3 0.548883 0.757292 0.050279 0.039583
1 0.592179 0.526563 0.086592 0.067708
