0 0.406542 0.314583 0.185047 0.114583
2 0.520561 0.369271 0.114019 0.082292
0 0.685981 0.311458 0.280374 0.154167
0 0.704673 0.442708 0.209346 0.122917
2 0.563551 0.458333 0.128972 0.072917
2 0.614019 0.527083 0.114019 0.095833
1 0.514019 0.526042 0.108411 0.079167
2 0.395327 0.433333 0.196262 0.110417
1 0.754206 0.547917 0.117757 0.087500
1 0.696262 0.609375 0.143925 0.068750
2 0.543925 0.621354 0.160748 0.086458
3 0.432710 0.691667 0.117757 0.087500
3 0.336449 0.710938 0.085981 0.059375
3 0.448598 0.748958 0.138318 0.066667
2 0.518692 0.711458 0.050467 0.066667
1 0.701869 0.719792 0.233645 0.129167
3 0.383178 0.534896 0.175701 0.103125
2 0.391589 0.613542 0.102804 0.066667
