2 0.438318 0.326042 0.177570 0.100000
0 0.676636 0.313021 0.186916 0.078125
2 0.692523 0.388542 0.117757 0.066667
2 0.557944 0.363542 0.117757 0.066667
1 0.377570 0.395313 0.067290 0.059375
1 0.494393 0.422917 0.102804 0.037500
1 0.697196 0.460417 0.115888 0.072917
3 0.735514 0.510938 0.095327 0.046875
1 0.732710 0.568750 0.071028 0.043750
1 0.580374 0.511979 0.069159 0.094792
2 0.400935 0.482292 0.158879 0.091667
2 0.416822 0.597917 0.164486 0.091667
2 0.557944 0.616667 0.095327 0.060417
3 0.730841 0.628125 0.085981 0.050000
1 0.686916 0.691667 0.106542 0.079167
2 0.607477 0.710938 0.097196 0.084375
0 0.447664 0.719792 0.200000 0.083333
