0 0.462367 0.226000 0.527221 0.258379 0.366615 0.358542 0.301761 0.326163
1 0.480143 0.341667 0.553040 0.341667 0.553040 0.396875 0.480143 0.396875
3 0.578719 0.382481 0.634680 0.394265 0.617543 0.419603 0.561582 0.407819
3 0.641122 0.407251 0.732711 0.407251 0.732711 0.447876 0.641122 0.447876
3 0.697196 0.365626 0.788786 0.365626 0.788786 0.398958 0.697196 0.398958
3 0.581014 0.287279 0.731818 0.347119 0.669454 0.396055 0.518650 0.336215
3 0.523365 0.250001 0.596261 0.250001 0.596261 0.295834 0.523365 0.295834
0 0.480287 0.263000 0.553205 0.288301 0.428125 0.400542 0.355207 0.375241
2 0.668459 0.211000 0.849072 0.287197 0.757709 0.354626 0.577096 0.278429
1 0.342294 0.812000 0.403226 0.812000 0.403226 0.854000 0.342294 0.854000
1 0.209677 0.801000 0.259857 0.801000 0.259857 0.828000 0.209677 0.828000
3 0.330107 0.870975 0.383740 0.852827 0.410037 0.877025 0.356404 0.895173
3 0.282653 0.831588 0.324635 0.850329 0.294408 0.871412 0.252426 0.852671
