3 0.449721 0.313542 0.159218 0.085417
0 0.615922 0.360417 0.220670 0.162500
2 0.516760 0.419792 0.134078 0.118750
0 0.405028 0.447396 0.083799 0.148958
2 0.473464 0.516667 0.083799 0.064583
2 0.410615 0.576042 0.078212 0.075000
1 0.520950 0.563542 0.089385 0.077083
1 0.611034 0.481771 0.068436 0.051042
1 0.570531 0.510938 0.071229 0.036458
0 0.693436 0.497917 0.093575 0.114583
2 0.598464 0.625521 0.250000 0.186458
3 0.432263 0.690625 0.141061 0.125000
3 0.562151 0.744792 0.115922 0.070833
2 0.663408 0.713542 0.114525 0.104167
