3 0.355140 0.262500 0.459813 0.262500 0.459813 0.332292 0.355140 0.332292
0 0.510026 0.305420 0.557348 0.331000 0.390908 0.426872 0.343586 0.401292
0 0.486786 0.416977 0.546595 0.444000 0.391718 0.550731 0.331909 0.523708
0 0.532472 0.481028 0.612904 0.505000 0.496509 0.626598 0.416077 0.602626
3 0.332603 0.726577 0.412186 0.667000 0.532817 0.717173 0.453234 0.776750
3 0.543317 0.646440 0.650538 0.575000 0.834253 0.660852 0.727032 0.732292
0 0.656754 0.535391 0.730293 0.527862 0.745116 0.572943 0.671577 0.580472
3 0.652330 0.454000 0.759085 0.491963 0.714026 0.531416 0.607271 0.493453
0 0.663082 0.329000 0.798790 0.387452 0.716358 0.447042 0.580650 0.388590
0 0.654205 0.267709 0.740186 0.267709 0.740186 0.315626 0.654205 0.315626
